1.0,0.0~5.0,1.0
2.0,0.0~0.0,1.0
2.0,0.0~4.0,5.0
1.0,8.3~0.0,1.0
1.0,0.0~5.0,-8.3
2.0,0.0~0.0,2.0
7.0,5.0~5.0,7.0
1.0,2.0~3.0,4.0
5.0,-8.7~7.0,8.0
4.0,4.0~4.0,4.0
1.0,2.0,3.0~4.0,5.0,6.0
1.0,2.0,3.0,4.0~5.0,6.0,7.0,8.0
0.0,1.0,4.3077~1.0,0.0,-0.1889
5.0,3.0,4.0~6.0,8.0,9.0
4.0,3.0~3.0,4.0
1.0,2.0~3.0,4.0~5.0,6.0
4.0,5.0~6.0,7.0~8.0,9.0
1.0,2.0,3.0~4.0,5.0,6.0
1.0,2.0~3.0,4.0
1.0,0.0,1.0~2.0,0.0,1.0
5.0,0.0,3.0~11.0,0.0,7.0
1.0,2.0,3.0,4.0~5.0,6.0,7.0,8.0~9.0,10.0,11.0,12.0
29.0,40.0,51.0~39.0,54.0,69.0
-0.3,5.7~-6.8,-3.0~-7.0,28.35
1.0,2.0,3.0,4.0,5.0~6.0,7.0,8.0,9.0,9.0~8.0,7.0,6.0,5.0,4.0
5.0,9.0,7.0~3.0,1.0,23.0~5.0,7.0,-99.0~-93.1,235.0,46.0
25.0,45.0,35.0~15.0,5.0,115.0~25.0,35.0,-495.0~-465.5,1175.0,230.0
1.0,2.0,5.0~4.0,7.0,8.0
67.0,88.0~121.0,148.0~-469.0,-556.0~841.9,1029.8
5.0,25.0~3.0,-1.0~-5.0,-2.0~5.76,0.0
1.0,2.0~3.0,4.0
1.0~2.0~2.0~4.0~6.0~7.0~9.0~1.0
3.0~6.0~6.0~12.0~18.0~21.0~27.0~3.0
9.0,8.0~8.0,9.0
1.0~2.0~3.0
4.0,0.0~0.0,4.0
1.0,7.0~3.0,6.0
1.0,2.0,4.0~5.0,7.0,8.0~7.0,5.0,1.0
1.0,0.0,0.0~0.0,1.0,0.0~0.0,0.0,1.0
1.0,0.0,0.0~0.0,1.0,0.0~0.0,0.0,1.0
1.0,0.0,0.0~0.0,1.0,0.0~0.0,0.0,1.0
4.0,5.0~6.0,7.0~8.0,9.0
1.0,1.0,1.0~2.0,3.0,7.0~1.0,3.0,-2.0
27.0,-17.0,-0.3077~-32.0,21.0,0.3846~6.0,-4.0,-0.0769
1.0,0.0,0.0~0.0,1.0,0.0~-81.0,54.0,1.0
2.0769,-0.3846,-0.3077~-0.8462,0.2308,0.3846~-0.2308,0.1538,-0.0769
1.0,0.0,0.0~0.0,1.0,0.0~0.0,0.0,1.0
2.0768,-0.3848,-0.3076~-0.846,0.231,0.3845~-0.2308,0.1538,-0.0769
1.0,0.0,0.0~0.0,1.0,0.0~4.0E-4,6.0E-4,0.9997
1.0,0.0,0.0~0.0,1.0,0.0~4.0E-4,6.0E-4,0.9997
1.0,0.0,0.0~0.0,1.0,0.0~0.0,0.001,1.0
1.0,0.0,0.0~0.0,1.0,0.0~0.0,0.0,1.0
1.0,0.0,0.0~0.0,1.0,0.0~0.0,0.0,1.0
5.0,3.0~7.0,8.0
3.0,0.0~4.0,-3.3
1.0,3.0~2.0,4.0
1.0,0.0,-1.0~0.0,1.0,4.0
1.0,2.0,3.0,4.0~5.0,6.0,7.0,8.0~9.0,1.0,2.0,3.0
1.0,0.6667,1.6667~0.0,0.0,0.0
6.0,3.0,9.0~2.0,1.0,9.0
1.0,0.0,0.4444,-0.7778~0.0,1.0,0.1111,-0.4444
0.4444,-0.7778~0.1111,-0.4444
4.0,3.0~3.0,2.0
3.0,-2.0~-4.0,3.0
4.0,0.0~28.0,25.0
12.0,-8.0~-16.0,19.0
6.0,5.0~-7.0,-6.0
3.0,-2.0~-4.0,3.0
0.0,0.0,1.0~0.0,1.0,0.0~1.0,0.0,0.0
-2.0,3.0~3.0,-4.0
1.0,0.0~0.0,1.0
1.0,2.0,3.0~4.0,5.0,6.0
11.0,14.0,4.0~4.0,5.0,6.0~17.0,8.0,9.0
-0.0044,-0.1384,0.0943~0.0972,0.0457,-0.0736~-0.0781,0.2209,-0.0015
1.0,0.0,0.0~0.0,1.0,0.0~0.0,0.0,1.0
3.0,0.0~4.0,-3.3
